planet 30.0 red 1.98892e+30                 0.0 0.0 0.0005879053051273986 0.0
planet 5.0 green 5.974e+24                 149600000000.0 982080000.0 -195.73093730732938 29760.0
planet 30.0 red 1.98892e+30                 19.400875069204154 0.0 0.001175772608312854 3.859175943264519e-06
planet 5.0 green 5.974e+24                 149593540879.06885 1964160000.0 -391.44922265242747 29758.71516702091
planet 30.0 red 1.98892e+30                 58.201371143528334 0.12735280612772912 0.0017635766741564043 1.1577030787347194e-05
planet 5.0 green 5.974e+24                 149580623054.7213 2946197600.51169 -587.1464544297214 29756.145666542754
planet 30.0 red 1.98892e+30                 116.39940139068968 0.5093948221101865 0.0023512922687988617 2.3152903650801883e-05
planet 5.0 green 5.974e+24                 149561247221.72513 3928150407.507601 -782.8142315466073 29752.291718592372
planet 30.0 red 1.98892e+30                 193.9920462610521 1.2734406425866487 0.002938894160972649 3.858596974625828e-05
planet 5.0 green 5.974e+24                 149535414352.08408 4909976034.221149 -978.4441537733044 29747.153597765693
planet 30.0 red 1.98892e+30                 290.9755535731495 2.546777644213172 0.003526357123054575 5.78752403200987e-05
planet 5.0 green 5.974e+24                 149503125695.00955 5891632102.947417 -1174.0278220933553 29740.73163324783
planet 30.0 red 1.98892e+30                 407.3453386339505 4.456660574776429 0.0041136559321205135 8.101956259877249e-05
planet 5.0 green 5.974e+24                 149464382776.88046 6873076246.844596 -1369.556839054759 29733.02620883094
planet 30.0 red 1.98892e+30                 547.209640326048 7.211325703134694 0.004718556566119558 0.00010883574268551167
planet 5.0 green 5.974e+24                 149417817844.3526 7883999137.944848 -1570.9460203358738 29723.76538578137
planet 30.0 red 1.98892e+30                 707.640563574113 10.911740954442092 0.005323228197748779 0.0001407411118334463
planet 5.0 green 5.974e+24                 149364405679.6612 8894607161.061415 -1772.258960004436 29713.14315163244
planet 30.0 red 1.98892e+30                 883.3070940998227 15.556197644945819 0.00590986635066876 0.00017567524430289305
planet 5.0 green 5.974e+24                 149305921133.98105 9875140885.065285 -1967.5680251376143 29701.512553247583
planet 30.0 red 1.98892e+30                 1078.3326836718918 21.35348070694129 0.006496238001212239 0.0002144580510481418
planet 5.0 green 5.974e+24                 149240991389.15152 10855290799.322454 -2162.7883638049957 29688.60061819707
planet 30.0 red 1.98892e+30                 1292.7085377118956 28.43059639152997 0.00708231796633805 0.0002570875486635928
planet 5.0 green 5.974e+24                 149169619373.14597 11835014619.722958 -2357.9115918327875 29674.40800681486
planet 30.0 red 1.98892e+30                 1533.5073485673893 37.17157304609212 0.007685831471340868 0.00030496989380641407
planet 5.0 green 5.974e+24                 149089450379.02365 12843944491.954662 -2558.8389571441708 29658.466568264234
planet 30.0 red 1.98892e+30                 1794.8256185929788 47.5405494355102 0.008288980700329112 0.00035693074854870613
planet 5.0 green 5.974e+24                 149002449854.48074 13852332355.275646 -2759.6450442749538 29641.167274120606
planet 30.0 red 1.98892e+30                 2068.3619817038393 59.3192641376175 0.008874009992152177 0.000411319251996968
planet 5.0 green 5.974e+24                 148911381568.01968 14830490875.321627 -2954.418472311902 29623.05974444563
planet 30.0 red 1.98892e+30                 2370.0783214370135 73.30411870551441 0.009476361693299622 0.00047130910234880846
planet 5.0 green 5.974e+24                 148810931339.9611 15837674906.632778 -3154.9590390086173 29603.087361927755
planet 30.0 red 1.98892e+30                 2682.798257315901 88.85731908302509 0.010060564361697541 0.0005334847232047318
planet 5.0 green 5.974e+24                 148706817691.6738 16814576789.576393 -3349.457259837206 29582.38727223362
planet 30.0 red 1.98892e+30                 3024.8574456136175 106.99579967198596 0.01066201187068545 0.0006014915947844238
planet 5.0 green 5.974e+24                 148592936144.83932 17820377956.832336 -3549.696794416421 29559.74578796474
planet 30.0 red 1.98892e+30                 3376.7038373462374 126.84502229987194 0.011245284458933334 0.0006714420136488029
planet 5.0 green 5.974e+24                 148475796150.6236 18795849567.835175 -3743.885364255387 29536.45723974115
planet 30.0 red 1.98892e+30                 3759.0435089499706 149.67405076393123 0.011845721258887557 0.0007474525166400479
planet 5.0 green 5.974e+24                 148348504048.23892 19800089113.986374 -3943.7884041223024 29511.151111584244
planet 30.0 red 1.98892e+30                 4161.798031752148 175.08743632969288 0.012445604074876418 0.0008275189352528874
planet 5.0 green 5.974e+24                 148214415242.49875 20803468251.78024 -4143.5070064618685 29484.494650032946
planet 30.0 red 1.98892e+30                 4584.948570297946 203.22308012829106 0.013044905543829076 0.0009116372668426767
planet 5.0 green 5.974e+24                 148073536004.27905 21805941069.88136 -4343.032061304407 29456.48918768518
planet 30.0 red 1.98892e+30                 5028.475358788135 234.21874720094206 0.013643598327517137 0.000999803324025619
planet 5.0 green 5.974e+24                 147925872914.1947 22807461702.262657 -4542.354466951018 29427.13611864395
planet 30.0 red 1.98892e+30                 5478.7141035962 267.21225689378747 0.014224065208330867 0.0010893006932610162
planet 5.0 green 5.974e+24                 147775975216.7853 23778557194.177906 -4735.6089344080065 29397.33981673239
planet 30.0 red 1.98892e+30                 5948.108255471119 303.159179771401 0.01480390838448314 0.001182602966947922
planet 5.0 green 5.974e+24                 147619700121.94986 24748669408.130074 -4928.655752270875 29366.27675041479
planet 30.0 red 1.98892e+30                 6436.6372321590625 342.1850776806824 0.015383102932099092 0.001279705824981688
planet 5.0 green 5.974e+24                 147457054482.1249 25717756540.89376 -5121.486622649904 29333.948357980822
planet 30.0 red 1.98892e+30                 6959.662731850432 385.6950757300598 0.015979154893815326 0.0013836623278166787
planet 5.0 green 5.974e+24                 147282923936.9548 26715110785.06511 -5319.929821126076 29299.338185965662
planet 30.0 red 1.98892e+30                 7486.974843346337 431.3559325480102 0.016556955191291363 0.001488467413516068
planet 5.0 green 5.974e+24                 147107366252.85764 27681988945.201977 -5512.296504697558 29264.44549580007
planet 30.0 red 1.98892e+30                 8049.911319850244 481.9638246075565 0.01715151866133573 0.0016003496421591247
planet 5.0 green 5.974e+24                 146919948171.6979 28676980092.059177 -5710.244140593213 29227.196616959638
